actions_gaussian:
 tensor([[[26.9446],
         [19.0123],
         [39.5837],
         ...,
         [ 3.3160],
         [43.7296],
         [17.8638]],

        [[26.9455],
         [19.0087],
         [39.5829],
         ...,
         [ 3.2886],
         [43.7290],
         [17.8753]],

        [[26.9330],
         [19.0165],
         [39.5885],
         ...,
         [ 3.1258],
         [43.7259],
         [17.8656]],

        ...,

        [[26.9382],
         [19.0152],
         [39.5905],
         ...,
         [ 3.1816],
         [43.7207],
         [17.8646]],

        [[26.9381],
         [19.0106],
         [39.5910],
         ...,
         [ 2.9217],
         [43.7329],
         [17.8772]],

        [[26.9375],
         [19.0031],
         [39.5820],
         ...,
         [ 3.1472],
         [43.7386],
         [17.8601]]], device='cuda:0', grad_fn=<AddBackward0>)

actions_squashed:
 tensor([[[1.0000],
         [1.0000],
         [1.0000],
         ...,
         [0.9974],
         [1.0000],
         [1.0000]],

        [[1.0000],
         [1.0000],
         [1.0000],
         ...,
         [0.9972],
         [1.0000],
         [1.0000]],

        [[1.0000],
         [1.0000],
         [1.0000],
         ...,
         [0.9962],
         [1.0000],
         [1.0000]],

        ...,

        [[1.0000],
         [1.0000],
         [1.0000],
         ...,
         [0.9966],
         [1.0000],
         [1.0000]],

        [[1.0000],
         [1.0000],
         [1.0000],
         ...,
         [0.9942],
         [1.0000],
         [1.0000]],

        [[1.0000],
         [1.0000],
         [1.0000],
         ...,
         [0.9963],
         [1.0000],
         [1.0000]]], device='cuda:0', grad_fn=<AddBackward0>)

obs_expanded:
 tensor([[[-2.0460e+00, -2.2250e+00,  8.9157e+00,  7.8525e+00],
         [-2.8212e+00, -2.5177e+00,  6.9631e+00,  3.7267e+00],
         [-7.2722e+00, -3.1673e+00,  1.4901e+01,  7.9726e+00],
         ...,
         [ 5.5978e-03,  6.9382e-02, -7.9507e-02, -3.6501e-01],
         [-8.4770e+00, -4.0097e+00,  1.7470e+01,  5.2736e+00],
         [-7.0910e-02, -8.4765e-01, -2.2013e+00, -6.6750e+00]],

        [[-2.0460e+00, -2.2250e+00,  8.9157e+00,  7.8525e+00],
         [-2.8212e+00, -2.5177e+00,  6.9631e+00,  3.7267e+00],
         [-7.2722e+00, -3.1673e+00,  1.4901e+01,  7.9726e+00],
         ...,
         [ 5.5978e-03,  6.9382e-02, -7.9507e-02, -3.6501e-01],
         [-8.4770e+00, -4.0097e+00,  1.7470e+01,  5.2736e+00],
         [-7.0910e-02, -8.4765e-01, -2.2013e+00, -6.6750e+00]],

        [[-2.0460e+00, -2.2250e+00,  8.9157e+00,  7.8525e+00],
         [-2.8212e+00, -2.5177e+00,  6.9631e+00,  3.7267e+00],
         [-7.2722e+00, -3.1673e+00,  1.4901e+01,  7.9726e+00],
         ...,
         [ 5.5978e-03,  6.9382e-02, -7.9507e-02, -3.6501e-01],
         [-8.4770e+00, -4.0097e+00,  1.7470e+01,  5.2736e+00],
         [-7.0910e-02, -8.4765e-01, -2.2013e+00, -6.6750e+00]],

        ...,

        [[-2.0460e+00, -2.2250e+00,  8.9157e+00,  7.8525e+00],
         [-2.8212e+00, -2.5177e+00,  6.9631e+00,  3.7267e+00],
         [-7.2722e+00, -3.1673e+00,  1.4901e+01,  7.9726e+00],
         ...,
         [ 5.5978e-03,  6.9382e-02, -7.9507e-02, -3.6501e-01],
         [-8.4770e+00, -4.0097e+00,  1.7470e+01,  5.2736e+00],
         [-7.0910e-02, -8.4765e-01, -2.2013e+00, -6.6750e+00]],

        [[-2.0460e+00, -2.2250e+00,  8.9157e+00,  7.8525e+00],
         [-2.8212e+00, -2.5177e+00,  6.9631e+00,  3.7267e+00],
         [-7.2722e+00, -3.1673e+00,  1.4901e+01,  7.9726e+00],
         ...,
         [ 5.5978e-03,  6.9382e-02, -7.9507e-02, -3.6501e-01],
         [-8.4770e+00, -4.0097e+00,  1.7470e+01,  5.2736e+00],
         [-7.0910e-02, -8.4765e-01, -2.2013e+00, -6.6750e+00]],

        [[-2.0460e+00, -2.2250e+00,  8.9157e+00,  7.8525e+00],
         [-2.8212e+00, -2.5177e+00,  6.9631e+00,  3.7267e+00],
         [-7.2722e+00, -3.1673e+00,  1.4901e+01,  7.9726e+00],
         ...,
         [ 5.5978e-03,  6.9382e-02, -7.9507e-02, -3.6501e-01],
         [-8.4770e+00, -4.0097e+00,  1.7470e+01,  5.2736e+00],
         [-7.0910e-02, -8.4765e-01, -2.2013e+00, -6.6750e+00]]],
       device='cuda:0')

q1_values_samples:
 tensor([[[-1.5496],
         [-1.1250],
         [-1.7722],
         ...,
         [-0.2493],
         [-1.9145],
         [-1.3609]],

        [[-1.5496],
         [-1.1250],
         [-1.7722],
         ...,
         [-0.2493],
         [-1.9145],
         [-1.3609]],

        [[-1.5496],
         [-1.1250],
         [-1.7722],
         ...,
         [-0.2492],
         [-1.9145],
         [-1.3609]],

        ...,

        [[-1.5496],
         [-1.1250],
         [-1.7722],
         ...,
         [-0.2493],
         [-1.9145],
         [-1.3609]],

        [[-1.5496],
         [-1.1250],
         [-1.7722],
         ...,
         [-0.2492],
         [-1.9145],
         [-1.3609]],

        [[-1.5496],
         [-1.1250],
         [-1.7722],
         ...,
         [-0.2492],
         [-1.9145],
         [-1.3609]]], device='cuda:0')

q2_values_samples:
 tensor([[[-1.6140],
         [-1.2398],
         [-1.7264],
         ...,
         [-0.2818],
         [-1.8646],
         [-1.3858]],

        [[-1.6140],
         [-1.2398],
         [-1.7264],
         ...,
         [-0.2818],
         [-1.8646],
         [-1.3858]],

        [[-1.6140],
         [-1.2398],
         [-1.7264],
         ...,
         [-0.2818],
         [-1.8646],
         [-1.3858]],

        ...,

        [[-1.6140],
         [-1.2398],
         [-1.7264],
         ...,
         [-0.2818],
         [-1.8646],
         [-1.3858]],

        [[-1.6140],
         [-1.2398],
         [-1.7264],
         ...,
         [-0.2819],
         [-1.8646],
         [-1.3858]],

        [[-1.6140],
         [-1.2398],
         [-1.7264],
         ...,
         [-0.2818],
         [-1.8646],
         [-1.3858]]], device='cuda:0')

q_values_samples:
 tensor([[[-1.6140],
         [-1.2398],
         [-1.7722],
         ...,
         [-0.2818],
         [-1.9145],
         [-1.3858]],

        [[-1.6140],
         [-1.2398],
         [-1.7722],
         ...,
         [-0.2818],
         [-1.9145],
         [-1.3858]],

        [[-1.6140],
         [-1.2398],
         [-1.7722],
         ...,
         [-0.2818],
         [-1.9145],
         [-1.3858]],

        ...,

        [[-1.6140],
         [-1.2398],
         [-1.7722],
         ...,
         [-0.2818],
         [-1.9145],
         [-1.3858]],

        [[-1.6140],
         [-1.2398],
         [-1.7722],
         ...,
         [-0.2819],
         [-1.9145],
         [-1.3858]],

        [[-1.6140],
         [-1.2398],
         [-1.7722],
         ...,
         [-0.2818],
         [-1.9145],
         [-1.3858]]], device='cuda:0')

eta:
 2.9399571418762207

w:
 tensor([[[0.0500],
         [0.0500],
         [0.0500],
         ...,
         [0.0500],
         [0.0500],
         [0.0500]],

        [[0.0500],
         [0.0500],
         [0.0500],
         ...,
         [0.0500],
         [0.0500],
         [0.0500]],

        [[0.0500],
         [0.0500],
         [0.0500],
         ...,
         [0.0500],
         [0.0500],
         [0.0500]],

        ...,

        [[0.0500],
         [0.0500],
         [0.0500],
         ...,
         [0.0500],
         [0.0500],
         [0.0500]],

        [[0.0500],
         [0.0500],
         [0.0500],
         ...,
         [0.0500],
         [0.0500],
         [0.0500]],

        [[0.0500],
         [0.0500],
         [0.0500],
         ...,
         [0.0500],
         [0.0500],
         [0.0500]]], device='cuda:0')

log_prob_samples:
 tensor([[[17.1492],
         [17.8531],
         [17.8549],
         ...,
         [ 5.1072],
         [17.6580],
         [17.6243]],

        [[16.9773],
         [17.8694],
         [17.8151],
         ...,
         [ 5.3284],
         [17.7199],
         [17.4337]],

        [[17.7761],
         [17.4708],
         [17.8052],
         ...,
         [ 5.8798],
         [17.8860],
         [17.7866]],

        ...,

        [[17.8600],
         [17.6362],
         [17.6328],
         ...,
         [ 5.8379],
         [17.6973],
         [17.7004]],

        [[17.8618],
         [17.8957],
         [17.5775],
         ...,
         [ 4.7263],
         [17.2032],
         [17.1272]],

        [[17.8815],
         [17.3189],
         [17.7507],
         ...,
         [ 5.8819],
         [15.8345],
         [17.0613]]], device='cuda:0', grad_fn=<SubBackward0>)

pi_loss:
 -0.7833160758018494

pi_optimizer:
 Adam (
Parameter Group 0
    amsgrad: False
    betas: (0.9, 0.999)
    capturable: False
    decoupled_weight_decay: False
    differentiable: False
    eps: 1e-08
    foreach: None
    fused: None
    lr: 0.0001
    maximize: False
    weight_decay: 0
)

kl:
 346.63763427734375

eta_optimizer:
 Adam (
Parameter Group 0
    amsgrad: False
    betas: (0.9, 0.999)
    capturable: False
    decoupled_weight_decay: False
    differentiable: False
    eps: 1e-08
    foreach: None
    fused: None
    lr: 0.001
    maximize: False
    weight_decay: 0
)